ProductID= 2615390241
OTSProductID= R2323JAN2026076612010000060PSANSTUC00GTDF
SatID= IRS-R2
Sensor= L3
SubScene= -NA-
GenAgency= NRSC
Path= 100
Row= 060
SegmentNumber= 
SessionNumber= 1
StripNumber= 
SceneNumber= 
DateOfPass= 23-JAN-2026
NoOfBands= 4
BandNumbers= 2345
PassType= PLD
DateOfDump= 23-JAN-2026
DumpingOrbitNo= 076612
ImagingOrbitNo= 076612
BytesPerPixel= 2
BitsPerPixel= 10
GenerationDateTime= 23-JAN-2026 18:14:05
ProdCode= STUC00GTD
ProdType= GEOREF
InputResolutionAlong=  23.50
InputResolutionAcross=  23.50
OutputResolutionAlong=  24.00
OutputResolutionAcross=  24.00
Season= JAN
ImageFormat= GEOTIFF
ProcessingLevel= STD
ResampCode= CC
NoScans= 7094
NoPixels= 7808
StartPixel= 0
MapProjection= UTM
Ellipsoid= WGS_84
Datum= WGS84
MapOriginLat=   0.000000
MapOriginLon=  81.000000
ProdULLat=  18.651952
ProdULLon=  78.073969
ProdURLat=  18.671226
ProdURLon=  79.849441
ProdLRLat=  17.132854
ProdLRLon=  79.859319
ProdLLLat=  17.115268
ProdLLLon=  78.099053
ImageULLat= 18.657628
ImageULLon= 78.464262
ImageURLat= 18.671236
ImageURLon= 79.849361
ImageLRLat= 17.130297
ImageLRLon= 79.471663
ImageLLLat= 17.115168
ImageLLLon= 78.099081
ProdULMapX= 191293.443084
ProdULMapY= 2064840.000000
ProdURMapX= 378661.443084
ProdURMapY= 2064840.000000
ProdLRMapX= 378661.443084
ProdLRMapY= 1894608.000000
ProdLLMapX= 191293.443084
ProdLLMapY= 1894608.000000
SceneCenterLat=  17.894861
SceneCenterLon=  78.970399
StandardParallel1=
StandardParallel2=
FalseEasting= 500000.000000
FalseNorthing=   0.000000
ZoneNo= 44
SceneCenterTime= 23-JAN-2026 04:51:35.429308
SceneCenterRoll=   0.041188
SceneCenterPitch=  -0.145808
SceneCenterYaw=   3.416530
SunAziumthAtCenter= 139.268837
SunElevationAtCenter=  41.790721
ImageHeadingAngle= 193.525185
IncidenceAngle=   0.000000
SatelliteAltitude= 823.688033
Tiltangle=  0.000000
DEMCorrection=YES
SourceOfOrbit= 2
SourceOfAttitude= 1
ImagingDirection= D
B2Temp=  19.5200
B3Temp=  18.5000
B4Temp=  19.2300
B5Temp=  23.1000
B2_Lmin=   0.0000
B3_Lmin=   0.0000
B4_Lmin=   0.0000
B5_Lmin=   0.0000
B2_Lmax=  52.0000
B3_Lmax=  47.0000
B4_Lmax=  31.5000
B5_Lmax=   7.5000
B2SaturationRadiance=  50.0973
B3SaturationRadiance=  46.7900
B4SaturationRadiance=  31.5000
B5SaturationRadiance=   5.9862
Quality= 
CloudPercent= 
AcrossTrackAccuracy= 0.0
AlongTrackAccuracy= 0.0
Shift%= 0
SatelliteHeadingAngle= 193.525185
SceneStartTime= 23-JAN-2026 04:51:24.767182837
SceneEndTime= 23-JAN-2026 04:51:46.091635735
ProductSceneStartTime= 23-JAN-2026 04:51:23.655159
ProductSceneEndTime= 23-JAN-2026 04:51:47.203457
GhostCorrection= TRUE
JpegNoColumns= 512
JpegNoRows= 563
